9784898318652
9784594083076
9784062940030
9784873119069
9784873118369
9784873117584
9784798165943
9784295005667
9784065238080
9784839973063
9784130626200
9784627880610
9784274215810
9784339046496
9784627851610
9784622087915
9784865940220
9784865941050
9784865941043
9784839962517
9784873116976
9784844380603
9784839965624
9784797358438
9784798118901
9784873115870
9784789831451
9784789830904
9784839917296
9784798129464
9784873114705
9784873113647
9784873116983
9784873115948
9784774185347
9784873113111
9784431100133
9784774183619
9784822298555
9784822298470
9784822296711
9784822298883
9784873116853
9784873118475
9784873117867
9784339027518
9784339013016
9784339013320
9784627702912
9784526077258
9784526075360
9784274203985
9784621063545
9784621061367
9784320017863
9784320017382
9784627827813
9784274220647
9784274218026
9784526067495
9784339024692
9784274131493
9784800711427
9784526067815
9784339009026
9784873119304
9784873118314
9784873115375
9784873115153
9784627847118
9784627818019
9784274500336
9784320121164
9784274215308
9784822295998
9784309631318
9784798109411
9784791768103
9784480080042
9784873118260
9784873116945
9784873115702
9784873114293
9784873117287
9784873115658
9784873113357
9784873115726
9784043878017
9784041086087
9784480087058
9784150314460
9784150301736
9784488725150
9784488725174
9784022649126
9784101290553
9784150310011
9784150314415
9784122030374
9784166612727
